12120.00        863.40
12240.00        866.80
12360.00        870.20
12480.00        873.60
12600.00        877.00
12720.00        880.40
12840.00        883.80
12960.00        887.20
13080.00        890.60
13200.00        894.00
13320.00        897.40
13440.00        900.80
13560.00        904.20
13680.00        907.60
13800.00        911.00
13920.00        914.40
14040.00        917.80
14160.00        921.20
14280.00        924.60
14400.00        928.00
14520.00        931.40
14640.00        934.80
14760.00        938.20
14880.00        941.60
15000.00        945.00
15120.00        948.40
15240.00        951.80
15360.00        955.20
15480.00        958.60
15600.00        962.00
15720.00        965.40
15840.00        968.80
15960.00        972.20
16080.00        975.60
16200.00        979.00
16320.00        982.40
16440.00        985.80
16560.00        989.20
16680.00        992.60
16800.00        996.00
16920.00        999.40
17040.00        1002.80
17160.00        1006.20
17280.00        1009.60
17400.00        1013.00
17520.00        1016.40
17640.00        1019.80
17760.00        1023.20
17880.00        1026.60
18000.00        1030.00
18120.00        1033.40
18240.00        1036.80
18360.00        1040.20
18480.00        1043.60
18600.00        1047.00
18720.00        1050.40
18840.00        1053.80
18960.00        1057.20
19080.00        1060.60
19200.00        1064.00
19320.00        1067.40
19440.00        1070.80
19560.00        1074.20
19680.00        1077.60
19800.00        1081.00
19920.00        1084.40
20040.00        1087.80
20160.00        1091.20
20280.00        1094.60
20400.00        1098.00
20520.00        1101.40
20640.00        1104.80
20760.00        1108.20
20880.00        1111.60
21000.00        1115.00
21120.00        1118.40
21240.00        1121.80
21360.00        1125.20
21480.00        1128.60
21600.00        1132.00
21720.00        1135.40
21840.00        1138.80
21960.00        1142.20
22080.00        1145.60
22200.00        1149.00
22320.00        1152.40
22440.00        1155.80
22560.00        1159.20
22680.00        1162.60
22800.00        1166.00
22920.00        1169.40
23040.00        1172.80
23160.00        1176.20
23280.00        1179.60
23400.00        1183.00
23520.00        1186.40
23640.00        1189.80
23760.00        1193.20
23880.00        1196.60
24000.00        1200.00
24120.00        1203.40
24240.00        1206.80
24360.00        1210.20
24480.00        1213.60
24600.00        1217.00
24720.00        1220.40
24840.00        1223.80
24960.00        1227.20
25080.00        1230.60
25200.00        1234.00
25320.00        1237.40
25440.00        1240.80
25560.00        1244.20
25680.00        1247.60
25800.00        1251.00
25920.00        1254.40
26040.00        1257.80
26160.00        1261.20
26280.00        1264.60
26400.00        1268.00
26520.00        1271.40
26640.00        1274.80
26760.00        1278.20
26880.00        1281.60
27000.00        1285.00
27120.00        1288.40
27240.00        1291.80
27360.00        1295.20
27480.00        1298.60
27600.00        1302.00
27720.00        1305.40
27840.00        1308.80
27960.00        1312.20
28080.00        1315.60
28200.00        1319.00
28320.00        1322.40
28440.00        1325.80
28560.00        1329.20
28680.00        1332.60
28800.00        1336.00
28920.00        1339.40
29040.00        1342.80
29160.00        1346.20
29280.00        1349.60
29400.00        1353.00
29520.00        1356.40
29640.00        1359.80
29760.00        1363.20
29880.00        1366.60
30000.00        1370.00
30120.00        1373.40
30240.00        1376.80
30360.00        1380.20
30480.00        1383.60
30600.00        1387.00
30720.00        1390.40
30840.00        1393.80
30960.00        1397.20
31080.00        1400.60
31200.00        1404.00
31320.00        1407.40
31440.00        1410.80
31560.00        1414.20
31680.00        1417.60
31800.00        1421.00
31920.00        1424.40
32040.00        1427.80
32160.00        1431.20
32280.00        1434.60
32400.00        1438.00
32520.00        1441.40
32640.00        1444.80
32760.00        1448.20
32880.00        1451.60
33000.00        1455.00
33120.00        1458.40
33240.00        1461.80
33360.00        1465.20
33480.00        1468.60
33600.00        1472.00
33720.00        1475.40
33840.00        1478.80
33960.00        1482.20
34080.00        1485.60
34200.00        1489.00
34320.00        1492.40
34440.00        1495.80
34560.00        1499.20
34680.00        1502.60
34800.00        1506.00
34920.00        1509.40
35040.00        1512.80
35160.00        1516.20
35280.00        1519.60
35400.00        1523.00
35520.00        1526.40
35640.00        1529.80
35760.00        1533.20
35880.00        1536.60
36000.00        1540.00
36120.00        1543.40
36240.00        1546.80
36360.00        1550.20
36480.00        1553.60
36600.00        1557.00
36720.00        1560.40
36840.00        1563.80
36960.00        1567.20
37080.00        1570.60
37200.00        1574.00
37320.00        1577.40
37440.00        1580.80
37560.00        1584.20
37680.00        1587.60
37800.00        1591.00
37920.00        1594.40
38040.00        1597.80
38160.00        1601.20
38280.00        1604.60
38400.00        1608.00
38520.00        1611.40
38640.00        1614.80
38760.00        1618.20
38880.00        1621.60
39000.00        1625.00
39120.00        1628.40
39240.00        1631.80
39360.00        1635.20
39480.00        1638.60
39600.00        1642.00
39720.00        1645.40
39840.00        1648.80
39960.00        1652.20
40080.00        1655.60
40200.00        1659.00
40320.00        1662.40
40440.00        1665.80
40560.00        1669.20
40680.00        1672.60
40800.00        1676.00
40920.00        1679.40
41040.00        1682.80
41160.00        1686.20
41280.00        1689.60
41400.00        1693.00
41520.00        1696.40
41640.00        1699.80
41760.00        1703.20
41880.00        1706.60
42000.00        1710.00
42120.00        1713.40
42240.00        1716.80
42360.00        1720.20
42480.00        1723.60
42600.00        1727.00
42720.00        1730.40
42840.00        1733.80
42960.00        1737.20
43080.00        1740.60
43200.00        1744.00
43320.00        1747.40
43440.00        1750.80
43560.00        1754.20
43680.00        1757.60
43800.00        1761.00
43920.00        1764.40
44040.00        1767.80
44160.00        1771.20
44280.00        1774.60
44400.00        1778.00
44520.00        1781.40
44640.00        1784.80
44760.00        1788.20
44880.00        1791.60
45000.00        1795.00
45120.00        1798.40
45240.00        1801.80
45360.00        1805.20
45480.00        1808.60
45600.00        1812.00
45720.00        1815.40
45840.00        1818.80
45960.00        1822.20
46080.00        1825.60
46200.00        1829.00
46320.00        1832.40
46440.00        1835.80
46560.00        1839.20
46680.00        1842.60
46800.00        1846.00
46920.00        1849.40
47040.00        1852.80
47160.00        1856.20
47280.00        1859.60
47400.00        1863.00
47520.00        1866.40
47640.00        1869.80
47760.00        1873.20
47880.00        1876.60
48000.00        1880.00
48120.00        1880.12
48240.00        1880.24
48360.00        1880.36
48480.00        1880.48
48600.00        1880.60
48720.00        1880.72
48840.00        1880.84
48960.00        1880.96
49080.00        1881.08
49200.00        1881.20
49320.00        1881.32
49440.00        1881.44
49560.00        1881.56
49680.00        1881.68
49800.00        1881.80
49920.00        1881.92
50040.00        1882.04
50160.00        1882.16
50280.00        1882.28
50400.00        1882.40
50520.00        1882.52
50640.00        1882.64
50760.00        1882.76
50880.00        1882.88
51000.00        1883.00
51120.00        1883.12
51240.00        1883.24
51360.00        1883.36
51480.00        1883.48
51600.00        1883.60
51720.00        1883.72
51840.00        1883.84
51960.00        1883.96
52080.00        1884.08
52200.00        1884.20
52320.00        1884.32
52440.00        1884.44
52560.00        1884.56
52680.00        1884.68
52800.00        1884.80
52920.00        1884.92
53040.00        1885.04
53160.00        1885.16
53280.00        1885.28
53400.00        1885.40
53520.00        1885.52
53640.00        1885.64
53760.00        1885.76
53880.00        1885.88
54000.00        1886.00
54120.00        1886.12
54240.00        1886.24
54360.00        1886.36
54480.00        1886.48
54600.00        1886.60
54720.00        1886.72
54840.00        1886.84
54960.00        1886.96
55080.00        1887.08
55200.00        1887.20
55320.00        1887.32
55440.00        1887.44
55560.00        1887.56
55680.00        1887.68
55800.00        1887.80
55920.00        1887.92
56040.00        1888.04
56160.00        1888.16
56280.00        1888.28
56400.00        1888.40
56520.00        1888.52
56640.00        1888.64
56760.00        1888.76
56880.00        1888.88
57000.00        1889.00
57120.00        1889.12
57240.00        1889.24
57360.00        1889.36
57480.00        1889.48
57600.00        1889.60
57720.00        1889.72
57840.00        1889.84
57960.00        1889.96
58080.00        1890.08
58200.00        1890.20
58320.00        1890.32
58440.00        1890.44
58560.00        1890.56
58680.00        1890.68
58800.00        1890.80
58920.00        1890.92
59040.00        1891.04
59160.00        1891.16
59280.00        1891.28
59400.00        1891.40
59520.00        1891.52
59640.00        1891.64
59760.00        1891.76
59880.00        1891.88
60000.00        1892.00
60120.00        1892.12
60240.00        1892.24
60360.00        1892.36
60480.00        1892.48
60600.00        1892.60
60720.00        1892.72
60840.00        1892.84
60960.00        1892.96
61080.00        1893.08
61200.00        1893.20
61320.00        1893.32
61440.00        1893.44
61560.00        1893.56
61680.00        1893.68
61800.00        1893.80
61920.00        1893.92
62040.00        1894.04
62160.00        1894.16
62280.00        1894.28
62400.00        1894.40
62520.00        1894.52
62640.00        1894.64
62760.00        1894.76
62880.00        1894.88
63000.00        1895.00
63120.00        1895.12
63240.00        1895.24
63360.00        1895.36
63480.00        1895.48
63600.00        1895.60
63720.00        1895.72
63840.00        1895.84
63960.00        1895.96
64080.00        1896.08
64200.00        1896.20
64320.00        1896.32
64440.00        1896.44
64560.00        1896.56
64680.00        1896.68
64800.00        1896.80
64920.00        1896.92
65040.00        1897.04
65160.00        1897.16
65280.00        1897.28
65400.00        1897.40
65520.00        1897.52
65640.00        1897.64
65760.00        1897.76
65880.00        1897.88
66000.00        1898.00
66120.00        1898.12
66240.00        1898.24
66360.00        1898.36
66480.00        1898.48
66600.00        1898.60
66720.00        1898.72
66840.00        1898.84
66960.00        1898.96
67080.00        1899.08
67200.00        1899.20
67320.00        1899.32
67440.00        1899.44
67560.00        1899.56
67680.00        1899.68
67800.00        1899.80
67920.00        1899.92
68040.00        1900.04
68160.00        1900.16
68280.00        1900.28
68400.00        1900.40
68520.00        1900.52
68640.00        1900.64
68760.00        1900.76
68880.00        1900.88
69000.00        1901.00
69120.00        1901.12
69240.00        1901.24
69360.00        1901.36
69480.00        1901.48
69600.00        1901.60
69720.00        1901.72
69840.00        1901.84
69960.00        1901.96
70080.00        1902.08
70200.00        1902.20
70320.00        1902.32
70440.00        1902.44
70560.00        1902.56
70680.00        1902.68
70800.00        1902.80
70920.00        1902.92
71040.00        1903.04
71160.00        1903.16
71280.00        1903.28
71400.00        1903.40
71520.00        1903.52
71640.00        1903.64
71760.00        1903.76
71880.00        1903.88
72000.00        1904.00
72120.00        1904.12
72240.00        1904.24
72360.00        1904.36
72480.00        1904.48
72600.00        1904.60
72720.00        1904.72
72840.00        1904.84
72960.00        1904.96
73080.00        1905.08
73200.00        1905.20
73320.00        1905.32
73440.00        1905.44
73560.00        1905.56
73680.00        1905.68
73800.00        1905.80
73920.00        1905.92
74040.00        1906.04
74160.00        1906.16
74280.00        1906.28
74400.00        1906.40
74520.00        1906.52
74640.00        1906.64
74760.00        1906.76
74880.00        1906.88
75000.00        1907.00
75120.00        1907.12
75240.00        1907.24
75360.00        1907.36
75480.00        1907.48
75600.00        1907.60
75720.00        1907.72
75840.00        1907.84
75960.00        1907.96
76080.00        1908.08
76200.00        1908.20
76320.00        1908.32
76440.00        1908.44
76560.00        1908.56
76680.00        1908.68
76800.00        1908.80
76920.00        1908.92
77040.00        1909.04
77160.00        1909.16
77280.00        1909.28
77400.00        1909.40
77520.00        1909.52
77640.00        1909.64
77760.00        1909.76
77880.00        1909.88
78000.00        1910.00
78120.00        1910.12
78240.00        1910.24
78360.00        1910.36
78480.00        1910.48
78600.00        1910.60
78720.00        1910.72
78840.00        1910.84
78960.00        1910.96
79080.00        1911.08
79200.00        1911.20
79320.00        1911.32
79440.00        1911.44
79560.00        1911.56
79680.00        1911.68
79800.00        1911.80
79920.00        1911.92
80040.00        1912.04
80160.00        1912.16
80280.00        1912.28
80400.00        1912.40
80520.00        1912.52
80640.00        1912.64
80760.00        1912.76
80880.00        1912.88
81000.00        1913.00
81120.00        1913.12
81240.00        1913.24
81360.00        1913.36
81480.00        1913.48
81600.00        1913.60
81720.00        1913.72
81840.00        1913.84
81960.00        1913.96
82080.00        1914.08
82200.00        1914.20
82320.00        1914.32
82440.00        1914.44
82560.00        1914.56
82680.00        1914.68
82800.00        1914.80
82920.00        1914.92
83040.00        1915.04
83160.00        1915.16
83280.00        1915.28
83400.00        1915.40
83520.00        1915.52
83640.00        1915.64
83760.00        1915.76
83880.00        1915.88
84000.00        1916.00
84120.00        1916.12
84240.00        1916.24
84360.00        1916.36
84480.00        1916.48
84600.00        1916.60
84720.00        1916.72
84840.00        1916.84
84960.00        1916.96
85080.00        1917.08
85200.00        1917.20
85320.00        1917.32
85440.00        1917.44
85560.00        1917.56
85680.00        1917.68
85800.00        1917.80
85920.00        1917.92
86040.00        1918.04
86160.00        1918.16
86280.00        1918.28
86400.00        1918.40
86520.00        1918.52
86640.00        1918.64
86760.00        1918.76
86880.00        1918.88
87000.00        1919.00
87120.00        1919.12
87240.00        1919.24
87360.00        1919.36
87480.00        1919.48
87600.00        1919.60
87720.00        1919.72
87840.00        1919.84
87960.00        1919.96
88080.00        1920.08
88200.00        1920.20
88320.00        1920.32
88440.00        1920.44
88560.00        1920.56
88680.00        1920.68
88800.00        1920.80
88920.00        1920.92
89040.00        1921.04
89160.00        1921.16
89280.00        1921.28
89400.00        1921.40
89520.00        1921.52
89640.00        1921.64
89760.00        1921.76
89880.00        1921.88
90000.00        1922.00
90120.00        1922.12
90240.00        1922.24
90360.00        1922.36
90480.00        1922.48
90600.00        1922.60
90720.00        1922.72
90840.00        1922.84
90960.00        1922.96
91080.00        1923.08
91200.00        1923.20
91320.00        1923.32
91440.00        1923.44
91560.00        1923.56
91680.00        1923.68
91800.00        1923.80
91920.00        1923.92
92040.00        1924.04
92160.00        1924.16
92280.00        1924.28
92400.00        1924.40
92520.00        1924.52
92640.00        1924.64
92760.00        1924.76
92880.00        1924.88
93000.00        1925.00
93120.00        1925.12
93240.00        1925.24
93360.00        1925.36
93480.00        1925.48
93600.00        1925.60
93720.00        1925.72
93840.00        1925.84
93960.00        1925.96
94080.00        1926.08
94200.00        1926.20
94320.00        1926.32
94440.00        1926.44
94560.00        1926.56
94680.00        1926.68
94800.00        1926.80
94920.00        1926.92
95040.00        1927.04
95160.00        1927.16
95280.00        1927.28
95400.00        1927.40
95520.00        1927.52
95640.00        1927.64
95760.00        1927.76
95880.00        1927.88
96000.00        1928.00
96120.00        1928.12
96240.00        1928.24
96360.00        1928.36
96480.00        1928.48
96600.00        1928.60
96720.00        1928.72
96840.00        1928.84
96960.00        1928.96
97080.00        1929.08
97200.00        1929.20
97320.00        1929.32
97440.00        1929.44
97560.00        1929.56
97680.00        1929.68
97800.00        1929.80
97920.00        1929.92
98040.00        1930.04
98160.00        1930.16
98280.00        1930.28
98400.00        1930.40
98520.00        1930.52
98640.00        1930.64
98760.00        1930.76
98880.00        1930.88
99000.00        1931.00
99120.00        1931.12
99240.00        1931.24
99360.00        1931.36
99480.00        1931.48
99600.00        1931.60
99720.00        1931.72
99840.00        1931.84
99960.00        1931.96
100080.00        1932.08
100200.00        1932.20
100320.00        1932.32
100440.00        1932.44
100560.00        1932.56
100680.00        1932.68
100800.00        1932.80
100920.00        1932.92
101040.00        1933.04
101160.00        1933.16
101280.00        1933.28
101400.00        1933.40
101520.00        1933.52
101640.00        1933.64
101760.00        1933.76
101880.00        1933.88
102000.00        1934.00
102120.00        1934.12
102240.00        1934.24
102360.00        1934.36
102480.00        1934.48
102600.00        1934.60
102720.00        1934.72
102840.00        1934.84
102960.00        1934.96
103080.00        1935.08
103200.00        1935.20
103320.00        1935.32
103440.00        1935.44
103560.00        1935.56
103680.00        1935.68
103800.00        1935.80
103920.00        1935.92
104040.00        1936.04
104160.00        1936.16
104280.00        1936.28
104400.00        1936.40
104520.00        1936.52
104640.00        1936.64
104760.00        1936.76
104880.00        1936.88
105000.00        1937.00
105120.00        1937.12
105240.00        1937.24
105360.00        1937.36
105480.00        1937.48
105600.00        1937.60
105720.00        1937.72
105840.00        1937.84
105960.00        1937.96
106080.00        1938.08
106200.00        1938.20
106320.00        1938.32
106440.00        1938.44
106560.00        1938.56
106680.00        1938.68
106800.00        1938.80
106920.00        1938.92
107040.00        1939.04
107160.00        1939.16
107280.00        1939.28
107400.00        1939.40
107520.00        1939.52
107640.00        1939.64
107760.00        1939.76
107880.00        1939.88
108000.00        1940.00
108120.00        1940.12
108240.00        1940.24
108360.00        1940.36
108480.00        1940.48
108600.00        1940.60
108720.00        1940.72
108840.00        1940.84
108960.00        1940.96
109080.00        1941.08
109200.00        1941.20
109320.00        1941.32
109440.00        1941.44
109560.00        1941.56
109680.00        1941.68
109800.00        1941.80
109920.00        1941.92
110040.00        1942.04
110160.00        1942.16
110280.00        1942.28
110400.00        1942.40
110520.00        1942.52
110640.00        1942.64
110760.00        1942.76
110880.00        1942.88
111000.00        1943.00
111120.00        1943.12
111240.00        1943.24
111360.00        1943.36
111480.00        1943.48
111600.00        1943.60
111720.00        1943.72
111840.00        1943.84
111960.00        1943.96
112080.00        1944.08
112200.00        1944.20
112320.00        1944.32
112440.00        1944.44
112560.00        1944.56
112680.00        1944.68
112800.00        1944.80
112920.00        1944.92
113040.00        1945.04
113160.00        1945.16
113280.00        1945.28
113400.00        1945.40
113520.00        1945.52
113640.00        1945.64
113760.00        1945.76
113880.00        1945.88
114000.00        1946.00
114120.00        1946.12
114240.00        1946.24
114360.00        1946.36
114480.00        1946.48
114600.00        1946.60
114720.00        1946.72
114840.00        1946.84
114960.00        1946.96
115080.00        1947.08
115200.00        1947.20
115320.00        1947.32
115440.00        1947.44
115560.00        1947.56
115680.00        1947.68
115800.00        1947.80
115920.00        1947.92
116040.00        1948.04
116160.00        1948.16
116280.00        1948.28
116400.00        1948.40
116520.00        1948.52
116640.00        1948.64
116760.00        1948.76
116880.00        1948.88
117000.00        1949.00
117120.00        1949.12
117240.00        1949.24
117360.00        1949.36
117480.00        1949.48
117600.00        1949.60
117720.00        1949.72
117840.00        1949.84
117960.00        1949.96
118080.00        1950.08
118200.00        1950.20
118320.00        1950.32
118440.00        1950.44
118560.00        1950.56
118680.00        1950.68
118800.00        1950.80
118920.00        1950.92
119040.00        1951.04
119160.00        1951.16
119280.00        1951.28
119400.00        1951.40
119520.00        1951.52
119640.00        1951.64
119760.00        1951.76
119880.00        1951.88
120000.00        1952.00
120120.00        1952.12
120240.00        1952.24
120360.00        1952.36
120480.00        1952.48
120600.00        1952.60
120720.00        1952.72
120840.00        1952.84
120960.00        1952.96
121080.00        1953.08
121200.00        1953.20
121320.00        1953.32
121440.00        1953.44
121560.00        1953.56
121680.00        1953.68
121800.00        1953.80
121920.00        1953.92
122040.00        1954.04
122160.00        1954.16
122280.00        1954.28
122400.00        1954.40
122520.00        1954.52
122640.00        1954.64
122760.00        1954.76
122880.00        1954.88
123000.00        1955.00
123120.00        1955.12
123240.00        1955.24
123360.00        1955.36
123480.00        1955.48
123600.00        1955.60
123720.00        1955.72
123840.00        1955.84
123960.00        1955.96
124080.00        1956.08
124200.00        1956.20
124320.00        1956.32
124440.00        1956.44
124560.00        1956.56
124680.00        1956.68
124800.00        1956.80
124920.00        1956.92
125040.00        1957.04
125160.00        1957.16
125280.00        1957.28
125400.00        1957.40
125520.00        1957.52
125640.00        1957.64
125760.00        1957.76
125880.00        1957.88
126000.00        1958.00
126120.00        1958.12
126240.00        1958.24
126360.00        1958.36
126480.00        1958.48
126600.00        1958.60
126720.00        1958.72
126840.00        1958.84
126960.00        1958.96
127080.00        1959.08
127200.00        1959.20
127320.00        1959.32
127440.00        1959.44
127560.00        1959.56
127680.00        1959.68
127800.00        1959.80
127920.00        1959.92
128040.00        1960.04
128160.00        1960.16
128280.00        1960.28
128400.00        1960.40
128520.00        1960.52
128640.00        1960.64
128760.00        1960.76
128880.00        1960.88
129000.00        1961.00
129120.00        1961.12
129240.00        1961.24
129360.00        1961.36
129480.00        1961.48
129600.00        1961.60
129720.00        1961.72
129840.00        1961.84
129960.00        1961.96
130080.00        1962.08
130200.00        1962.20
130320.00        1962.32
130440.00        1962.44
130560.00        1962.56
130680.00        1962.68
130800.00        1962.80
130920.00        1962.92
131040.00        1963.04
131160.00        1963.16
131280.00        1963.28
131400.00        1963.40
131520.00        1963.52
131640.00        1963.64
131760.00        1963.76
131880.00        1963.88
132000.00        1964.00
132120.00        1964.12
132240.00        1964.24
132360.00        1964.36
132480.00        1964.48
132600.00        1964.60
132720.00        1964.72
132840.00        1964.84
132960.00        1964.96
133080.00        1965.08
133200.00        1965.20
133320.00        1965.32
133440.00        1965.44
133560.00        1965.56
133680.00        1965.68
133800.00        1965.80
133920.00        1965.92
134040.00        1966.04
134160.00        1966.16
134280.00        1966.28
134400.00        1966.40
134520.00        1966.52
134640.00        1966.64
134760.00        1966.76
134880.00        1966.88
135000.00        1967.00
135120.00        1967.12
135240.00        1967.24
135360.00        1967.36
135480.00        1967.48
135600.00        1967.60
135720.00        1967.72
135840.00        1967.84
135960.00        1967.96
136080.00        1968.08
136200.00        1968.20
136320.00        1968.32
136440.00        1968.44
136560.00        1968.56
136680.00        1968.68
136800.00        1968.80
136920.00        1968.92
137040.00        1969.04
137160.00        1969.16
137280.00        1969.28
137400.00        1969.40
137520.00        1969.52
137640.00        1969.64
137760.00        1969.76
137880.00        1969.88
138000.00        1970.00
138120.00        1970.12
138240.00        1970.24
138360.00        1970.36
138480.00        1970.48
138600.00        1970.60
138720.00        1970.72
138840.00        1970.84
138960.00        1970.96
139080.00        1971.08
139200.00        1971.20
139320.00        1971.32
139440.00        1971.44
139560.00        1971.56
139680.00        1971.68
139800.00        1971.80
139920.00        1971.92
140040.00        1972.04
140160.00        1972.16
140280.00        1972.28
140400.00        1972.40
140520.00        1972.52
140640.00        1972.64
140760.00        1972.76
140880.00        1972.88
141000.00        1973.00
141120.00        1973.12
141240.00        1973.24
141360.00        1973.36
141480.00        1973.48
141600.00        1973.60
141720.00        1973.72
141840.00        1973.84
141960.00        1973.96
142080.00        1974.08
142200.00        1974.20
142320.00        1974.32
142440.00        1974.44
142560.00        1974.56
142680.00        1974.68
142800.00        1974.80
142920.00        1974.92
143040.00        1975.04
143160.00        1975.16
143280.00        1975.28
143400.00        1975.40
143520.00        1975.52
143640.00        1975.64
143760.00        1975.76
143880.00        1975.88
144000.00        1976.00
144120.00        1976.12
144240.00        1976.24
144360.00        1976.36
144480.00        1976.48
144600.00        1976.60
144720.00        1976.72
144840.00        1976.84
144960.00        1976.96
145080.00        1977.08
145200.00        1977.20
145320.00        1977.32
145440.00        1977.44
145560.00        1977.56
145680.00        1977.68
145800.00        1977.80
145920.00        1977.92
146040.00        1978.04
146160.00        1978.16
146280.00        1978.28
146400.00        1978.40
146520.00        1978.52
146640.00        1978.64
146760.00        1978.76
146880.00        1978.88
147000.00        1979.00
147120.00        1979.12
147240.00        1979.24
147360.00        1979.36
147480.00        1979.48
147600.00        1979.60
147720.00        1979.72
147840.00        1979.84
147960.00        1979.96
148080.00        1980.08
148200.00        1980.20
148320.00        1980.32
148440.00        1980.44
148560.00        1980.56
148680.00        1980.68
148800.00        1980.80
148920.00        1980.92
149040.00        1981.04
149160.00        1981.16
149280.00        1981.28
149400.00        1981.40
149520.00        1981.52
149640.00        1981.64
149760.00        1981.76
149880.00        1981.88
150000.00        1982.00
150120.00        1982.12
150240.00        1982.24
150360.00        1982.36
150480.00        1982.48
150600.00        1982.60
150720.00        1982.72
150840.00        1982.84
150960.00        1982.96
151080.00        1983.08
151200.00        1983.20
151320.00        1983.32
151440.00        1983.44
151560.00        1983.56
151680.00        1983.68
151800.00        1983.80
151920.00        1983.92
152040.00        1984.04
152160.00        1984.16
152280.00        1984.28
152400.00        1984.40
152520.00        1984.52
152640.00        1984.64
152760.00        1984.76
152880.00        1984.88
153000.00        1985.00
153120.00        1985.12
153240.00        1985.24
153360.00        1985.36
153480.00        1985.48
153600.00        1985.60
153720.00        1985.72
153840.00        1985.84
153960.00        1985.96
154080.00        1986.08
154200.00        1986.20
154320.00        1986.32
154440.00        1986.44
154560.00        1986.56
154680.00        1986.68
154800.00        1986.80
154920.00        1986.92
155040.00        1987.04
155160.00        1987.16
155280.00        1987.28
155400.00        1987.40
155520.00        1987.52
155640.00        1987.64
155760.00        1987.76
155880.00        1987.88
156000.00        1988.00
156120.00        1988.12
156240.00        1988.24
156360.00        1988.36
156480.00        1988.48
156600.00        1988.60
156720.00        1988.72
156840.00        1988.84
156960.00        1988.96
157080.00        1989.08
157200.00        1989.20
157320.00        1989.32
157440.00        1989.44
157560.00        1989.56
157680.00        1989.68
157800.00        1989.80
157920.00        1989.92
158040.00        1990.04
158160.00        1990.16
158280.00        1990.28
158400.00        1990.40
158520.00        1990.52
158640.00        1990.64
158760.00        1990.76
158880.00        1990.88
159000.00        1991.00
159120.00        1991.12
159240.00        1991.24
159360.00        1991.36
159480.00        1991.48
159600.00        1991.60
159720.00        1991.72
159840.00        1991.84
159960.00        1991.96
160080.00        1992.08
160200.00        1992.20
160320.00        1992.32
160440.00        1992.44
160560.00        1992.56
160680.00        1992.68
160800.00        1992.80
160920.00        1992.92
161040.00        1993.04
161160.00        1993.16
161280.00        1993.28
161400.00        1993.40
161520.00        1993.52
161640.00        1993.64
161760.00        1993.76
161880.00        1993.88
162000.00        1994.00
162120.00        1994.12
162240.00        1994.24
162360.00        1994.36
162480.00        1994.48
162600.00        1994.60
162720.00        1994.72
162840.00        1994.84
162960.00        1994.96
163080.00        1995.08
163200.00        1995.20
163320.00        1995.32
163440.00        1995.44
163560.00        1995.56
163680.00        1995.68
163800.00        1995.80
163920.00        1995.92
164040.00        1996.04
164160.00        1996.16
164280.00        1996.28
164400.00        1996.40
164520.00        1996.52
164640.00        1996.64
164760.00        1996.76
164880.00        1996.88
165000.00        1997.00
165120.00        1997.12
165240.00        1997.24
165360.00        1997.36
165480.00        1997.48
165600.00        1997.60
165720.00        1997.72
165840.00        1997.84
165960.00        1997.96
166080.00        1998.08
166200.00        1998.20
166320.00        1998.32
166440.00        1998.44
166560.00        1998.56
166680.00        1998.68
166800.00        1998.80
166920.00        1998.92
167040.00        1999.04
167160.00        1999.16
167280.00        1999.28
167400.00        1999.40
167520.00        1999.52
167640.00        1999.64
167760.00        1999.76
167880.00        1999.88
168000.00        2000.00
168120.00        2000.12
168240.00        2000.24
168360.00        2000.36
168480.00        2000.48
168600.00        2000.60
168720.00        2000.72
168840.00        2000.84
168960.00        2000.96
169080.00        2001.08
169200.00        2001.20
169320.00        2001.32
169440.00        2001.44
169560.00        2001.56
169680.00        2001.68
169800.00        2001.80
169920.00        2001.92
170040.00        2002.04
170160.00        2002.16
170280.00        2002.28
170400.00        2002.40
170520.00        2002.52
170640.00        2002.64
170760.00        2002.76
170880.00        2002.88
171000.00        2003.00
171120.00        2003.12
171240.00        2003.24
171360.00        2003.36
171480.00        2003.48
171600.00        2003.60
171720.00        2003.72
171840.00        2003.84
171960.00        2003.96
172080.00        2004.08
172200.00        2004.20
172320.00        2004.32
172440.00        2004.44
172560.00        2004.56
172680.00        2004.68
172800.00        2004.80
172920.00        2004.92
173040.00        2005.04
173160.00        2005.16
173280.00        2005.28
173400.00        2005.40
173520.00        2005.52
173640.00        2005.64
173760.00        2005.76
173880.00        2005.88
174000.00        2006.00
174120.00        2006.12
174240.00        2006.24
174360.00        2006.36
174480.00        2006.48
174600.00        2006.60
174720.00        2006.72
174840.00        2006.84
174960.00        2006.96
175080.00        2007.08
175200.00        2007.20
175320.00        2007.32
175440.00        2007.44
175560.00        2007.56
175680.00        2007.68
175800.00        2007.80
175920.00        2007.92
176040.00        2008.04
176160.00        2008.16
176280.00        2008.28
176400.00        2008.40
176520.00        2008.52
176640.00        2008.64
176760.00        2008.76
176880.00        2008.88
177000.00        2009.00
177120.00        2009.12
177240.00        2009.24
177360.00        2009.36
177480.00        2009.48
177600.00        2009.60
177720.00        2009.72
177840.00        2009.84
177960.00        2009.96
178080.00        2010.08
178200.00        2010.20
178320.00        2010.32
178440.00        2010.44
178560.00        2010.56
178680.00        2010.68
178800.00        2010.80
178920.00        2010.92
179040.00        2011.04
179160.00        2011.16
179280.00        2011.28
179400.00        2011.40
179520.00        2011.52
179640.00        2011.64
179760.00        2011.76
179880.00        2011.88
180000.00        2012.00
180120.00        2012.12
180240.00        2012.24
180360.00        2012.36
180480.00        2012.48
180600.00        2012.60
180720.00        2012.72
180840.00        2012.84
180960.00        2012.96
181080.00        2013.08
181200.00        2013.20
181320.00        2013.32
181440.00        2013.44
181560.00        2013.56
181680.00        2013.68
181800.00        2013.80
181920.00        2013.92
182040.00        2014.04
182160.00        2014.16
182280.00        2014.28
182400.00        2014.40
182520.00        2014.52
182640.00        2014.64
182760.00        2014.76
182880.00        2014.88
183000.00        2015.00
183120.00        2015.12
183240.00        2015.24
183360.00        2015.36
183480.00        2015.48
183600.00        2015.60
183720.00        2015.72
183840.00        2015.84
183960.00        2015.96
184080.00        2016.08
184200.00        2016.20
184320.00        2016.32
184440.00        2016.44
184560.00        2016.56
184680.00        2016.68
184800.00        2016.80
184920.00        2016.92
185040.00        2017.04
185160.00        2017.16
185280.00        2017.28
185400.00        2017.40
185520.00        2017.52
185640.00        2017.64
185760.00        2017.76
185880.00        2017.88
186000.00        2018.00
186120.00        2018.12
186240.00        2018.24
186360.00        2018.36
186480.00        2018.48
186600.00        2018.60
186720.00        2018.72
186840.00        2018.84
186960.00        2018.96
187080.00        2019.08
