12120.00        678.05
12240.00        681.10
12360.00        684.15
12480.00        687.20
12600.00        690.25
12720.00        693.30
12840.00        696.35
12960.00        699.40
13080.00        702.45
13200.00        705.50
13320.00        708.55
13440.00        711.60
13560.00        714.65
13680.00        717.70
13800.00        720.75
13920.00        723.80
14040.00        726.85
14160.00        729.90
14280.00        732.95
14400.00        736.00
14520.00        739.05
14640.00        742.10
14760.00        745.15
14880.00        748.20
15000.00        751.25
15120.00        754.30
15240.00        757.35
15360.00        760.40
15480.00        763.45
15600.00        766.50
15720.00        769.55
15840.00        772.60
15960.00        775.65
16080.00        778.70
16200.00        781.75
16320.00        784.80
16440.00        787.85
16560.00        790.90
16680.00        793.95
16800.00        797.00
16920.00        800.05
17040.00        803.10
17160.00        806.15
17280.00        809.20
17400.00        812.25
17520.00        815.30
17640.00        818.35
17760.00        821.40
17880.00        824.45
18000.00        827.50
18120.00        830.55
18240.00        833.60
18360.00        836.65
18480.00        839.70
18600.00        842.75
18720.00        845.80
18840.00        848.85
18960.00        851.90
19080.00        854.95
19200.00        858.00
19320.00        861.05
19440.00        864.10
19560.00        867.15
19680.00        870.20
19800.00        873.25
19920.00        876.30
20040.00        879.35
20160.00        882.40
20280.00        885.45
20400.00        888.50
20520.00        891.55
20640.00        894.60
20760.00        897.65
20880.00        900.70
21000.00        903.75
21120.00        906.80
21240.00        909.85
21360.00        912.90
21480.00        915.95
21600.00        919.00
21720.00        922.05
21840.00        925.10
21960.00        928.15
22080.00        931.20
22200.00        934.25
22320.00        937.30
22440.00        940.35
22560.00        943.40
22680.00        946.45
22800.00        949.50
22920.00        952.55
23040.00        955.60
23160.00        958.65
23280.00        961.70
23400.00        964.75
23520.00        967.80
23640.00        970.85
23760.00        973.90
23880.00        976.95
24000.00        980.00
24120.00        983.05
24240.00        986.10
24360.00        989.15
24480.00        992.20
24600.00        995.25
24720.00        998.30
24840.00        1001.35
24960.00        1004.40
25080.00        1007.45
25200.00        1010.50
25320.00        1013.55
25440.00        1016.60
25560.00        1019.65
25680.00        1022.70
25800.00        1025.75
25920.00        1028.80
26040.00        1031.85
26160.00        1034.90
26280.00        1037.95
26400.00        1041.00
26520.00        1044.05
26640.00        1047.10
26760.00        1050.15
26880.00        1053.20
27000.00        1056.25
27120.00        1059.30
27240.00        1062.35
27360.00        1065.40
27480.00        1068.45
27600.00        1071.50
27720.00        1074.55
27840.00        1077.60
27960.00        1080.65
28080.00        1083.70
28200.00        1086.75
28320.00        1089.80
28440.00        1092.85
28560.00        1095.90
28680.00        1098.95
28800.00        1102.00
28920.00        1105.05
29040.00        1108.10
29160.00        1111.15
29280.00        1114.20
29400.00        1117.25
29520.00        1120.30
29640.00        1123.35
29760.00        1126.40
29880.00        1129.45
30000.00        1132.50
30120.00        1135.55
30240.00        1138.60
30360.00        1141.65
30480.00        1144.70
30600.00        1147.75
30720.00        1150.80
30840.00        1153.85
30960.00        1156.90
31080.00        1159.95
31200.00        1163.00
31320.00        1166.05
31440.00        1169.10
31560.00        1172.15
31680.00        1175.20
31800.00        1178.25
31920.00        1181.30
32040.00        1184.35
32160.00        1187.40
32280.00        1190.45
32400.00        1193.50
32520.00        1196.55
32640.00        1199.60
32760.00        1202.65
32880.00        1205.70
33000.00        1208.75
33120.00        1211.80
33240.00        1214.85
33360.00        1217.90
33480.00        1220.95
33600.00        1224.00
33720.00        1227.05
33840.00        1230.10
33960.00        1233.15
34080.00        1236.20
34200.00        1239.25
34320.00        1242.30
34440.00        1245.35
34560.00        1248.40
34680.00        1251.45
34800.00        1254.50
34920.00        1257.55
35040.00        1260.60
35160.00        1263.65
35280.00        1266.70
35400.00        1269.75
35520.00        1272.80
35640.00        1275.85
35760.00        1278.90
35880.00        1281.95
36000.00        1285.00
36120.00        1288.05
36240.00        1291.10
36360.00        1294.15
36480.00        1297.20
36600.00        1300.25
36720.00        1303.30
36840.00        1306.35
36960.00        1309.40
37080.00        1312.45
37200.00        1315.50
37320.00        1318.55
37440.00        1321.60
37560.00        1324.65
37680.00        1327.70
37800.00        1330.75
37920.00        1333.80
38040.00        1336.85
38160.00        1339.90
38280.00        1342.95
38400.00        1346.00
38520.00        1349.05
38640.00        1352.10
38760.00        1355.15
38880.00        1358.20
39000.00        1361.25
39120.00        1364.30
39240.00        1367.35
39360.00        1370.40
39480.00        1373.45
39600.00        1376.50
39720.00        1379.55
39840.00        1382.60
39960.00        1385.65
40080.00        1388.70
40200.00        1391.75
40320.00        1394.80
40440.00        1397.85
40560.00        1400.90
40680.00        1403.95
40800.00        1407.00
40920.00        1410.05
41040.00        1413.10
41160.00        1416.15
41280.00        1419.20
41400.00        1422.25
41520.00        1425.30
41640.00        1428.35
41760.00        1431.40
41880.00        1434.45
42000.00        1437.50
42120.00        1440.55
42240.00        1443.60
42360.00        1446.65
42480.00        1449.70
42600.00        1452.75
42720.00        1455.80
42840.00        1458.85
42960.00        1461.90
43080.00        1464.95
43200.00        1468.00
43320.00        1471.05
43440.00        1474.10
43560.00        1477.15
43680.00        1480.20
43800.00        1483.25
43920.00        1486.30
44040.00        1489.35
44160.00        1492.40
44280.00        1495.45
44400.00        1498.50
44520.00        1501.55
44640.00        1504.60
44760.00        1507.65
44880.00        1510.70
45000.00        1513.75
45120.00        1516.80
45240.00        1519.85
45360.00        1522.90
45480.00        1525.95
45600.00        1529.00
45720.00        1532.05
45840.00        1535.10
45960.00        1538.15
46080.00        1541.20
46200.00        1544.25
46320.00        1547.30
46440.00        1550.35
46560.00        1553.40
46680.00        1556.45
46800.00        1559.50
46920.00        1562.55
47040.00        1565.60
47160.00        1568.65
47280.00        1571.70
47400.00        1574.75
47520.00        1577.80
47640.00        1580.85
47760.00        1583.90
47880.00        1586.95
48000.00        1590.00
48120.00        1591.41
48240.00        1592.82
48360.00        1594.23
48480.00        1595.64
48600.00        1597.05
48720.00        1598.46
48840.00        1599.87
48960.00        1601.28
49080.00        1602.69
49200.00        1604.10
49320.00        1605.51
49440.00        1606.92
49560.00        1608.33
49680.00        1609.74
49800.00        1611.15
49920.00        1612.56
50040.00        1613.97
50160.00        1615.38
50280.00        1616.79
50400.00        1618.20
50520.00        1619.61
50640.00        1621.02
50760.00        1622.43
50880.00        1623.84
51000.00        1625.25
51120.00        1626.66
51240.00        1628.07
51360.00        1629.48
51480.00        1630.89
51600.00        1632.30
51720.00        1633.71
51840.00        1635.12
51960.00        1636.53
52080.00        1637.94
52200.00        1639.35
52320.00        1640.76
52440.00        1642.17
52560.00        1643.58
52680.00        1644.99
52800.00        1646.40
52920.00        1647.81
53040.00        1649.22
53160.00        1650.63
53280.00        1652.04
53400.00        1653.45
53520.00        1654.86
53640.00        1656.27
53760.00        1657.68
53880.00        1659.09
54000.00        1660.50
54120.00        1661.71
54240.00        1662.92
54360.00        1664.13
54480.00        1665.34
54600.00        1666.55
54720.00        1667.76
54840.00        1668.97
54960.00        1670.18
55080.00        1671.39
55200.00        1672.60
55320.00        1673.81
55440.00        1675.02
55560.00        1676.23
55680.00        1677.44
55800.00        1678.65
55920.00        1679.86
56040.00        1681.07
56160.00        1682.28
56280.00        1683.49
56400.00        1684.70
56520.00        1685.91
56640.00        1687.12
56760.00        1688.33
56880.00        1689.54
57000.00        1690.75
57120.00        1691.96
57240.00        1693.17
57360.00        1694.38
57480.00        1695.59
57600.00        1696.80
57720.00        1698.01
57840.00        1699.22
57960.00        1700.43
58080.00        1701.64
58200.00        1702.85
58320.00        1704.06
58440.00        1705.27
58560.00        1706.48
58680.00        1707.69
58800.00        1708.90
58920.00        1710.11
59040.00        1711.32
59160.00        1712.53
59280.00        1713.74
59400.00        1714.95
59520.00        1716.16
59640.00        1717.37
59760.00        1718.58
59880.00        1719.79
60000.00        1721.00
60120.00        1722.21
60240.00        1723.42
60360.00        1724.63
60480.00        1725.84
60600.00        1727.05
60720.00        1728.26
60840.00        1729.47
60960.00        1730.68
61080.00        1731.89
61200.00        1733.10
61320.00        1734.31
61440.00        1735.52
61560.00        1736.73
61680.00        1737.94
61800.00        1739.15
61920.00        1740.36
62040.00        1741.57
62160.00        1742.78
62280.00        1743.99
62400.00        1745.20
62520.00        1746.41
62640.00        1747.62
62760.00        1748.83
62880.00        1750.04
63000.00        1751.25
63120.00        1752.46
63240.00        1753.67
63360.00        1754.88
63480.00        1756.09
63600.00        1757.30
63720.00        1758.51
63840.00        1759.72
63960.00        1760.93
64080.00        1762.14
64200.00        1763.35
64320.00        1764.56
64440.00        1765.77
64560.00        1766.98
64680.00        1768.19
64800.00        1769.40
64920.00        1770.61
65040.00        1771.82
65160.00        1773.03
65280.00        1774.24
65400.00        1775.45
65520.00        1776.66
65640.00        1777.87
65760.00        1779.08
65880.00        1780.29
66000.00        1781.50
66120.00        1781.62
66240.00        1781.74
66360.00        1781.86
66480.00        1781.98
66600.00        1782.10
66720.00        1782.22
66840.00        1782.34
66960.00        1782.46
67080.00        1782.58
67200.00        1782.70
67320.00        1782.82
67440.00        1782.94
67560.00        1783.06
67680.00        1783.18
67800.00        1783.30
67920.00        1783.42
68040.00        1783.54
68160.00        1783.66
68280.00        1783.78
68400.00        1783.90
68520.00        1784.02
68640.00        1784.14
68760.00        1784.26
68880.00        1784.38
69000.00        1784.50
69120.00        1784.62
69240.00        1784.74
69360.00        1784.86
69480.00        1784.98
69600.00        1785.10
69720.00        1785.22
69840.00        1785.34
69960.00        1785.46
70080.00        1785.58
70200.00        1785.70
70320.00        1785.82
70440.00        1785.94
70560.00        1786.06
70680.00        1786.18
70800.00        1786.30
70920.00        1786.42
71040.00        1786.54
71160.00        1786.66
71280.00        1786.78
71400.00        1786.90
71520.00        1787.02
71640.00        1787.14
71760.00        1787.26
71880.00        1787.38
72000.00        1787.50
72120.00        1787.62
72240.00        1787.74
72360.00        1787.86
72480.00        1787.98
72600.00        1788.10
72720.00        1788.22
72840.00        1788.34
72960.00        1788.46
73080.00        1788.58
73200.00        1788.70
73320.00        1788.82
73440.00        1788.94
73560.00        1789.06
73680.00        1789.18
73800.00        1789.30
73920.00        1789.42
74040.00        1789.54
74160.00        1789.66
74280.00        1789.78
74400.00        1789.90
74520.00        1790.02
74640.00        1790.14
74760.00        1790.26
74880.00        1790.38
75000.00        1790.50
75120.00        1790.62
75240.00        1790.74
75360.00        1790.86
75480.00        1790.98
75600.00        1791.10
75720.00        1791.22
75840.00        1791.34
75960.00        1791.46
76080.00        1791.58
76200.00        1791.70
76320.00        1791.82
76440.00        1791.94
76560.00        1792.06
76680.00        1792.18
76800.00        1792.30
76920.00        1792.42
77040.00        1792.54
77160.00        1792.66
77280.00        1792.78
77400.00        1792.90
77520.00        1793.02
77640.00        1793.14
77760.00        1793.26
77880.00        1793.38
78000.00        1793.50
78120.00        1793.62
78240.00        1793.74
78360.00        1793.86
78480.00        1793.98
78600.00        1794.10
78720.00        1794.22
78840.00        1794.34
78960.00        1794.46
79080.00        1794.58
79200.00        1794.70
79320.00        1794.82
79440.00        1794.94
79560.00        1795.06
79680.00        1795.18
79800.00        1795.30
79920.00        1795.42
80040.00        1795.54
80160.00        1795.66
80280.00        1795.78
80400.00        1795.90
80520.00        1796.02
80640.00        1796.14
80760.00        1796.26
80880.00        1796.38
81000.00        1796.50
81120.00        1796.62
81240.00        1796.74
81360.00        1796.86
81480.00        1796.98
81600.00        1797.10
81720.00        1797.22
81840.00        1797.34
81960.00        1797.46
82080.00        1797.58
82200.00        1797.70
82320.00        1797.82
82440.00        1797.94
82560.00        1798.06
82680.00        1798.18
82800.00        1798.30
82920.00        1798.42
83040.00        1798.54
83160.00        1798.66
83280.00        1798.78
83400.00        1798.90
83520.00        1799.02
83640.00        1799.14
83760.00        1799.26
83880.00        1799.38
84000.00        1799.50
84120.00        1799.62
84240.00        1799.74
84360.00        1799.86
84480.00        1799.98
84600.00        1800.10
84720.00        1800.22
84840.00        1800.34
84960.00        1800.46
85080.00        1800.58
85200.00        1800.70
85320.00        1800.82
85440.00        1800.94
85560.00        1801.06
85680.00        1801.18
85800.00        1801.30
85920.00        1801.42
86040.00        1801.54
86160.00        1801.66
86280.00        1801.78
86400.00        1801.90
86520.00        1802.02
86640.00        1802.14
86760.00        1802.26
86880.00        1802.38
87000.00        1802.50
87120.00        1802.62
87240.00        1802.74
87360.00        1802.86
87480.00        1802.98
87600.00        1803.10
87720.00        1803.22
87840.00        1803.34
87960.00        1803.46
88080.00        1803.58
88200.00        1803.70
88320.00        1803.82
88440.00        1803.94
88560.00        1804.06
88680.00        1804.18
88800.00        1804.30
88920.00        1804.42
89040.00        1804.54
89160.00        1804.66
89280.00        1804.78
89400.00        1804.90
89520.00        1805.02
89640.00        1805.14
89760.00        1805.26
89880.00        1805.38
90000.00        1805.50
90120.00        1805.62
90240.00        1805.74
90360.00        1805.86
90480.00        1805.98
90600.00        1806.10
90720.00        1806.22
90840.00        1806.34
90960.00        1806.46
91080.00        1806.58
91200.00        1806.70
91320.00        1806.82
91440.00        1806.94
91560.00        1807.06
91680.00        1807.18
91800.00        1807.30
91920.00        1807.42
92040.00        1807.54
92160.00        1807.66
92280.00        1807.78
92400.00        1807.90
92520.00        1808.02
92640.00        1808.14
92760.00        1808.26
92880.00        1808.38
93000.00        1808.50
93120.00        1808.62
93240.00        1808.74
93360.00        1808.86
93480.00        1808.98
93600.00        1809.10
93720.00        1809.22
93840.00        1809.34
93960.00        1809.46
94080.00        1809.58
94200.00        1809.70
94320.00        1809.82
94440.00        1809.94
94560.00        1810.06
94680.00        1810.18
94800.00        1810.30
94920.00        1810.42
95040.00        1810.54
95160.00        1810.66
95280.00        1810.78
95400.00        1810.90
95520.00        1811.02
95640.00        1811.14
95760.00        1811.26
95880.00        1811.38
96000.00        1811.50
96120.00        1811.62
96240.00        1811.74
96360.00        1811.86
96480.00        1811.98
96600.00        1812.10
96720.00        1812.22
96840.00        1812.34
96960.00        1812.46
97080.00        1812.58
97200.00        1812.70
97320.00        1812.82
97440.00        1812.94
97560.00        1813.06
97680.00        1813.18
97800.00        1813.30
97920.00        1813.42
98040.00        1813.54
98160.00        1813.66
98280.00        1813.78
98400.00        1813.90
98520.00        1814.02
98640.00        1814.14
98760.00        1814.26
98880.00        1814.38
99000.00        1814.50
99120.00        1814.62
99240.00        1814.74
99360.00        1814.86
99480.00        1814.98
99600.00        1815.10
99720.00        1815.22
99840.00        1815.34
99960.00        1815.46
100080.00        1815.58
100200.00        1815.70
100320.00        1815.82
100440.00        1815.94
100560.00        1816.06
100680.00        1816.18
100800.00        1816.30
100920.00        1816.42
101040.00        1816.54
101160.00        1816.66
101280.00        1816.78
101400.00        1816.90
101520.00        1817.02
101640.00        1817.14
101760.00        1817.26
101880.00        1817.38
102000.00        1817.50
102120.00        1817.62
102240.00        1817.74
102360.00        1817.86
102480.00        1817.98
102600.00        1818.10
102720.00        1818.22
102840.00        1818.34
102960.00        1818.46
103080.00        1818.58
103200.00        1818.70
103320.00        1818.82
103440.00        1818.94
103560.00        1819.06
103680.00        1819.18
103800.00        1819.30
103920.00        1819.42
104040.00        1819.54
104160.00        1819.66
104280.00        1819.78
104400.00        1819.90
104520.00        1820.02
104640.00        1820.14
104760.00        1820.26
104880.00        1820.38
105000.00        1820.50
105120.00        1820.62
105240.00        1820.74
105360.00        1820.86
105480.00        1820.98
105600.00        1821.10
105720.00        1821.22
105840.00        1821.34
105960.00        1821.46
106080.00        1821.58
106200.00        1821.70
106320.00        1821.82
106440.00        1821.94
106560.00        1822.06
106680.00        1822.18
106800.00        1822.30
106920.00        1822.42
107040.00        1822.54
107160.00        1822.66
107280.00        1822.78
107400.00        1822.90
107520.00        1823.02
107640.00        1823.14
107760.00        1823.26
107880.00        1823.38
108000.00        1823.50
108120.00        1823.62
108240.00        1823.74
108360.00        1823.86
108480.00        1823.98
108600.00        1824.10
108720.00        1824.22
108840.00        1824.34
108960.00        1824.46
109080.00        1824.58
109200.00        1824.70
109320.00        1824.82
109440.00        1824.94
109560.00        1825.06
109680.00        1825.18
109800.00        1825.30
109920.00        1825.42
110040.00        1825.54
110160.00        1825.66
110280.00        1825.78
110400.00        1825.90
110520.00        1826.02
110640.00        1826.14
110760.00        1826.26
110880.00        1826.38
111000.00        1826.50
111120.00        1826.62
111240.00        1826.74
111360.00        1826.86
111480.00        1826.98
111600.00        1827.10
111720.00        1827.22
111840.00        1827.34
111960.00        1827.46
112080.00        1827.58
112200.00        1827.70
112320.00        1827.82
112440.00        1827.94
112560.00        1828.06
112680.00        1828.18
112800.00        1828.30
112920.00        1828.42
113040.00        1828.54
113160.00        1828.66
113280.00        1828.78
113400.00        1828.90
113520.00        1829.02
113640.00        1829.14
113760.00        1829.26
113880.00        1829.38
114000.00        1829.50
114120.00        1829.62
114240.00        1829.74
114360.00        1829.86
114480.00        1829.98
114600.00        1830.10
114720.00        1830.22
114840.00        1830.34
114960.00        1830.46
115080.00        1830.58
115200.00        1830.70
115320.00        1830.82
115440.00        1830.94
115560.00        1831.06
115680.00        1831.18
115800.00        1831.30
115920.00        1831.42
116040.00        1831.54
116160.00        1831.66
116280.00        1831.78
116400.00        1831.90
116520.00        1832.02
116640.00        1832.14
116760.00        1832.26
116880.00        1832.38
117000.00        1832.50
117120.00        1832.62
117240.00        1832.74
117360.00        1832.86
117480.00        1832.98
117600.00        1833.10
117720.00        1833.22
117840.00        1833.34
117960.00        1833.46
118080.00        1833.58
118200.00        1833.70
118320.00        1833.82
118440.00        1833.94
118560.00        1834.06
118680.00        1834.18
118800.00        1834.30
118920.00        1834.42
119040.00        1834.54
119160.00        1834.66
119280.00        1834.78
119400.00        1834.90
119520.00        1835.02
119640.00        1835.14
119760.00        1835.26
119880.00        1835.38
120000.00        1835.50
120120.00        1835.62
120240.00        1835.74
120360.00        1835.86
120480.00        1835.98
120600.00        1836.10
120720.00        1836.22
120840.00        1836.34
120960.00        1836.46
121080.00        1836.58
121200.00        1836.70
121320.00        1836.82
121440.00        1836.94
121560.00        1837.06
121680.00        1837.18
121800.00        1837.30
121920.00        1837.42
122040.00        1837.54
122160.00        1837.66
122280.00        1837.78
122400.00        1837.90
122520.00        1838.02
122640.00        1838.14
122760.00        1838.26
122880.00        1838.38
123000.00        1838.50
123120.00        1838.62
123240.00        1838.74
123360.00        1838.86
123480.00        1838.98
123600.00        1839.10
123720.00        1839.22
123840.00        1839.34
123960.00        1839.46
124080.00        1839.58
124200.00        1839.70
124320.00        1839.82
124440.00        1839.94
124560.00        1840.06
124680.00        1840.18
124800.00        1840.30
124920.00        1840.42
125040.00        1840.54
125160.00        1840.66
125280.00        1840.78
125400.00        1840.90
125520.00        1841.02
125640.00        1841.14
125760.00        1841.26
125880.00        1841.38
126000.00        1841.50
126120.00        1841.62
126240.00        1841.74
126360.00        1841.86
126480.00        1841.98
126600.00        1842.10
126720.00        1842.22
126840.00        1842.34
126960.00        1842.46
127080.00        1842.58
127200.00        1842.70
127320.00        1842.82
127440.00        1842.94
127560.00        1843.06
127680.00        1843.18
127800.00        1843.30
127920.00        1843.42
128040.00        1843.54
128160.00        1843.66
128280.00        1843.78
128400.00        1843.90
128520.00        1844.02
128640.00        1844.14
128760.00        1844.26
128880.00        1844.38
129000.00        1844.50
129120.00        1844.62
129240.00        1844.74
129360.00        1844.86
129480.00        1844.98
129600.00        1845.10
129720.00        1845.22
129840.00        1845.34
129960.00        1845.46
130080.00        1845.58
130200.00        1845.70
130320.00        1845.82
130440.00        1845.94
130560.00        1846.06
130680.00        1846.18
130800.00        1846.30
130920.00        1846.42
131040.00        1846.54
131160.00        1846.66
131280.00        1846.78
131400.00        1846.90
131520.00        1847.02
131640.00        1847.14
131760.00        1847.26
131880.00        1847.38
132000.00        1847.50
132120.00        1847.62
132240.00        1847.74
132360.00        1847.86
132480.00        1847.98
132600.00        1848.10
132720.00        1848.22
132840.00        1848.34
132960.00        1848.46
133080.00        1848.58
133200.00        1848.70
133320.00        1848.82
133440.00        1848.94
133560.00        1849.06
133680.00        1849.18
133800.00        1849.30
133920.00        1849.42
134040.00        1849.54
134160.00        1849.66
134280.00        1849.78
134400.00        1849.90
134520.00        1850.02
134640.00        1850.14
134760.00        1850.26
134880.00        1850.38
135000.00        1850.50
135120.00        1850.62
135240.00        1850.74
135360.00        1850.86
135480.00        1850.98
135600.00        1851.10
135720.00        1851.22
135840.00        1851.34
135960.00        1851.46
136080.00        1851.58
136200.00        1851.70
136320.00        1851.82
136440.00        1851.94
136560.00        1852.06
136680.00        1852.18
136800.00        1852.30
136920.00        1852.42
137040.00        1852.54
137160.00        1852.66
137280.00        1852.78
137400.00        1852.90
137520.00        1853.02
137640.00        1853.14
137760.00        1853.26
137880.00        1853.38
138000.00        1853.50
138120.00        1853.62
138240.00        1853.74
138360.00        1853.86
138480.00        1853.98
138600.00        1854.10
138720.00        1854.22
138840.00        1854.34
138960.00        1854.46
139080.00        1854.58
139200.00        1854.70
139320.00        1854.82
139440.00        1854.94
139560.00        1855.06
139680.00        1855.18
139800.00        1855.30
139920.00        1855.42
140040.00        1855.54
140160.00        1855.66
140280.00        1855.78
140400.00        1855.90
140520.00        1856.02
140640.00        1856.14
140760.00        1856.26
140880.00        1856.38
141000.00        1856.50
141120.00        1856.62
141240.00        1856.74
141360.00        1856.86
141480.00        1856.98
141600.00        1857.10
141720.00        1857.22
141840.00        1857.34
141960.00        1857.46
142080.00        1857.58
142200.00        1857.70
142320.00        1857.82
142440.00        1857.94
142560.00        1858.06
142680.00        1858.18
142800.00        1858.30
142920.00        1858.42
143040.00        1858.54
143160.00        1858.66
143280.00        1858.78
143400.00        1858.90
143520.00        1859.02
143640.00        1859.14
143760.00        1859.26
143880.00        1859.38
144000.00        1859.50
144120.00        1859.62
144240.00        1859.74
144360.00        1859.86
144480.00        1859.98
144600.00        1860.10
144720.00        1860.22
144840.00        1860.34
144960.00        1860.46
145080.00        1860.58
145200.00        1860.70
145320.00        1860.82
145440.00        1860.94
145560.00        1861.06
145680.00        1861.18
145800.00        1861.30
145920.00        1861.42
146040.00        1861.54
146160.00        1861.66
146280.00        1861.78
146400.00        1861.90
146520.00        1862.02
146640.00        1862.14
146760.00        1862.26
146880.00        1862.38
147000.00        1862.50
147120.00        1862.62
147240.00        1862.74
147360.00        1862.86
147480.00        1862.98
147600.00        1863.10
147720.00        1863.22
147840.00        1863.34
147960.00        1863.46
148080.00        1863.58
148200.00        1863.70
148320.00        1863.82
148440.00        1863.94
148560.00        1864.06
148680.00        1864.18
148800.00        1864.30
148920.00        1864.42
149040.00        1864.54
149160.00        1864.66
149280.00        1864.78
149400.00        1864.90
149520.00        1865.02
149640.00        1865.14
149760.00        1865.26
149880.00        1865.38
150000.00        1865.50
150120.00        1865.62
150240.00        1865.74
150360.00        1865.86
150480.00        1865.98
150600.00        1866.10
150720.00        1866.22
150840.00        1866.34
150960.00        1866.46
151080.00        1866.58
151200.00        1866.70
151320.00        1866.82
151440.00        1866.94
151560.00        1867.06
151680.00        1867.18
151800.00        1867.30
151920.00        1867.42
152040.00        1867.54
152160.00        1867.66
152280.00        1867.78
152400.00        1867.90
152520.00        1868.02
152640.00        1868.14
152760.00        1868.26
152880.00        1868.38
153000.00        1868.50
153120.00        1868.62
153240.00        1868.74
153360.00        1868.86
153480.00        1868.98
153600.00        1869.10
153720.00        1869.22
153840.00        1869.34
153960.00        1869.46
154080.00        1869.58
154200.00        1869.70
154320.00        1869.82
154440.00        1869.94
154560.00        1870.06
154680.00        1870.18
154800.00        1870.30
154920.00        1870.42
155040.00        1870.54
155160.00        1870.66
155280.00        1870.78
155400.00        1870.90
155520.00        1871.02
155640.00        1871.14
155760.00        1871.26
155880.00        1871.38
156000.00        1871.50
156120.00        1871.62
156240.00        1871.74
156360.00        1871.86
156480.00        1871.98
156600.00        1872.10
156720.00        1872.22
156840.00        1872.34
156960.00        1872.46
157080.00        1872.58
157200.00        1872.70
157320.00        1872.82
157440.00        1872.94
157560.00        1873.06
157680.00        1873.18
157800.00        1873.30
157920.00        1873.42
158040.00        1873.54
158160.00        1873.66
158280.00        1873.78
158400.00        1873.90
158520.00        1874.02
158640.00        1874.14
158760.00        1874.26
158880.00        1874.38
159000.00        1874.50
159120.00        1874.62
159240.00        1874.74
159360.00        1874.86
159480.00        1874.98
159600.00        1875.10
159720.00        1875.22
159840.00        1875.34
159960.00        1875.46
160080.00        1875.58
160200.00        1875.70
160320.00        1875.82
160440.00        1875.94
160560.00        1876.06
160680.00        1876.18
160800.00        1876.30
160920.00        1876.42
161040.00        1876.54
161160.00        1876.66
161280.00        1876.78
161400.00        1876.90
161520.00        1877.02
161640.00        1877.14
161760.00        1877.26
161880.00        1877.38
162000.00        1877.50
162120.00        1877.62
162240.00        1877.74
162360.00        1877.86
162480.00        1877.98
162600.00        1878.10
162720.00        1878.22
162840.00        1878.34
162960.00        1878.46
163080.00        1878.58
163200.00        1878.70
163320.00        1878.82
163440.00        1878.94
163560.00        1879.06
163680.00        1879.18
163800.00        1879.30
163920.00        1879.42
164040.00        1879.54
164160.00        1879.66
164280.00        1879.78
164400.00        1879.90
164520.00        1880.02
164640.00        1880.14
164760.00        1880.26
164880.00        1880.38
165000.00        1880.50
165120.00        1880.62
165240.00        1880.74
165360.00        1880.86
165480.00        1880.98
165600.00        1881.10
165720.00        1881.22
165840.00        1881.34
165960.00        1881.46
166080.00        1881.58
166200.00        1881.70
166320.00        1881.82
166440.00        1881.94
166560.00        1882.06
166680.00        1882.18
166800.00        1882.30
166920.00        1882.42
167040.00        1882.54
167160.00        1882.66
167280.00        1882.78
167400.00        1882.90
167520.00        1883.02
167640.00        1883.14
167760.00        1883.26
167880.00        1883.38
168000.00        1883.50
168120.00        1883.62
168240.00        1883.74
168360.00        1883.86
168480.00        1883.98
168600.00        1884.10
168720.00        1884.22
168840.00        1884.34
168960.00        1884.46
169080.00        1884.58
169200.00        1884.70
169320.00        1884.82
169440.00        1884.94
169560.00        1885.06
169680.00        1885.18
169800.00        1885.30
169920.00        1885.42
170040.00        1885.54
170160.00        1885.66
170280.00        1885.78
170400.00        1885.90
170520.00        1886.02
170640.00        1886.14
170760.00        1886.26
170880.00        1886.38
171000.00        1886.50
171120.00        1886.62
171240.00        1886.74
171360.00        1886.86
171480.00        1886.98
171600.00        1887.10
171720.00        1887.22
171840.00        1887.34
171960.00        1887.46
172080.00        1887.58
172200.00        1887.70
172320.00        1887.82
172440.00        1887.94
172560.00        1888.06
172680.00        1888.18
172800.00        1888.30
172920.00        1888.42
173040.00        1888.54
173160.00        1888.66
173280.00        1888.78
173400.00        1888.90
173520.00        1889.02
173640.00        1889.14
173760.00        1889.26
173880.00        1889.38
174000.00        1889.50
174120.00        1889.62
174240.00        1889.74
174360.00        1889.86
174480.00        1889.98
174600.00        1890.10
174720.00        1890.22
174840.00        1890.34
174960.00        1890.46
175080.00        1890.58
175200.00        1890.70
175320.00        1890.82
175440.00        1890.94
175560.00        1891.06
175680.00        1891.18
175800.00        1891.30
175920.00        1891.42
176040.00        1891.54
176160.00        1891.66
176280.00        1891.78
176400.00        1891.90
176520.00        1892.02
176640.00        1892.14
176760.00        1892.26
176880.00        1892.38
177000.00        1892.50
177120.00        1892.62
177240.00        1892.74
177360.00        1892.86
177480.00        1892.98
177600.00        1893.10
177720.00        1893.22
177840.00        1893.34
177960.00        1893.46
178080.00        1893.58
178200.00        1893.70
178320.00        1893.82
178440.00        1893.94
178560.00        1894.06
178680.00        1894.18
178800.00        1894.30
178920.00        1894.42
179040.00        1894.54
179160.00        1894.66
179280.00        1894.78
179400.00        1894.90
179520.00        1895.02
179640.00        1895.14
179760.00        1895.26
179880.00        1895.38
180000.00        1895.50
180120.00        1895.62
180240.00        1895.74
180360.00        1895.86
180480.00        1895.98
180600.00        1896.10
180720.00        1896.22
180840.00        1896.34
180960.00        1896.46
181080.00        1896.58
181200.00        1896.70
181320.00        1896.82
181440.00        1896.94
181560.00        1897.06
181680.00        1897.18
181800.00        1897.30
181920.00        1897.42
182040.00        1897.54
182160.00        1897.66
182280.00        1897.78
182400.00        1897.90
182520.00        1898.02
182640.00        1898.14
182760.00        1898.26
182880.00        1898.38
183000.00        1898.50
183120.00        1898.62
183240.00        1898.74
183360.00        1898.86
183480.00        1898.98
183600.00        1899.10
183720.00        1899.22
183840.00        1899.34
183960.00        1899.46
184080.00        1899.58
184200.00        1899.70
184320.00        1899.82
184440.00        1899.94
184560.00        1900.06
184680.00        1900.18
184800.00        1900.30
184920.00        1900.42
185040.00        1900.54
185160.00        1900.66
185280.00        1900.78
185400.00        1900.90
185520.00        1901.02
185640.00        1901.14
185760.00        1901.26
185880.00        1901.38
186000.00        1901.50
186120.00        1901.62
186240.00        1901.74
186360.00        1901.86
186480.00        1901.98
186600.00        1902.10
186720.00        1902.22
186840.00        1902.34
186960.00        1902.46
187080.00        1902.58
